68 7 61
45 2 43
21 2 19
39 2 37
24 5 19
15 2 13
63 2 61
9 2 7
48 5 43
12 5 7
42 5 37
69 2 67
39 2 37
55 2 53
39 2 37
33 2 31
66 5 61
75 2 73
78 5 73
75 2 73
21 2 19
88 5 83
76 3 73
64 3 61
39 2 37
24 5 19
15 2 13
22 3 19
64 3 61
21 2 19
18 5 13
33 2 31
75 2 73
9 2 7
36 5 31
39 2 37
42 5 37
33 2 31
81 2 79
56 3 53
30 7 23
19 2 17
45 2 43
9 2 7
44 3 41
61 2 59
9 2 7
28 5 23
39 2 37
9 2 7
15 2 13
39 2 37
9 2 7
15 2 13
94 5 89
28 5 23
15 2 13
31 2 29
69 2 67
45 2 43
52 5 47
45 2 43
28 5 23
45 2 43
6 3 3
36 5 31
34 3 31
15 2 13
58 5 53
